P = [2.7550260346425305e-05, 1.3332364622351252e-05, 7.945135571277768e-06, 8.565294707843641e-06, 5.7980831701820614e-06, 6.125090133698762e-06, 5.18812151560398e-06, 4.027699087002366e-06, 2.7550260346425305e-05, 1.3332364622351252e-05, 7.945135571277768e-06, 8.565294707843641e-06, 5.7980831701820614e-06, 6.125090133698762e-06, 5.18812151560398e-06, 4.027699087002366e-06, 4.740974640290472e-06, 2.7550260346425305e-05, 1.3332364622351252e-05, 7.945135571277768e-06, 8.565294707843641e-06, 5.7980831701820614e-06, 6.125090133698762e-06, 5.18812151560398e-06, 4.027699087002366e-06, 4.740974640290472e-06, 2.7550260346425305e-05, 1.3332364622351252e-05, 7.945135571277768e-06, 8.565294707843641e-06, 5.7980831701820614e-06, 6.125090133698762e-06, 5.18812151560398e-06, 4.027699087002366e-06, 4.740974640290472e-06, 3.4962775287895597e-06, 2.7550260346425305e-05, 1.3332364622351252e-05, 7.945135571277768e-06, 8.565294707843641e-06, 5.7980831701820614e-06, 6.125090133698762e-06, 5.18812151560398e-06, 4.027699087002366e-06, 4.740974640290472e-06, 3.4962775287895597e-06, 3.58347984680508e-06, 2.7550260346425305e-05, 1.3332364622351252e-05, 7.945135571277768e-06, 8.565294707843641e-06, 5.7980831701820614e-06, 6.125090133698762e-06, 5.18812151560398e-06, 4.027699087002366e-06, 4.740974640290472e-06, 3.4962775287895597e-06, 3.58347984680508e-06, 3.7692305633696632e-06, 2.7550260346425305e-05, 1.3332364622351252e-05, 7.945135571277768e-06, 8.565294707843641e-06, 5.7980831701820614e-06, 6.125090133698762e-06, 5.18812151560398e-06, 4.027699087002366e-06, 4.740974640290472e-06, 3.4962775287895597e-06, 3.58347984680508e-06, 3.7692305633696632e-06, 3.296151796632737e-06, 2.7550260346425305e-05, 1.3332364622351252e-05, 7.945135571277768e-06, 8.565294707843641e-06, 5.7980831701820614e-06, 6.125090133698762e-06, 5.18812151560398e-06, 4.027699087002366e-06, 4.740974640290472e-06, 3.4962775287895597e-06, 3.58347984680508e-06, 3.7692305633696632e-06, 3.296151796632737e-06, 2.607202825902883e-06, 2.7550260346425305e-05, 1.3332364622351252e-05, 7.945135571277768e-06, 8.565294707843641e-06, 5.7980831701820614e-06, 6.125090133698762e-06, 5.18812151560398e-06, 4.027699087002366e-06, 4.740974640290472e-06, 3.4962775287895597e-06, 3.58347984680508e-06, 3.7692305633696632e-06, 3.296151796632737e-06, 2.607202825902883e-06, 2.412928949929264e-06, 2.7550260346425305e-05, 1.3332364622351252e-05, 7.945135571277768e-06, 8.565294707843641e-06, 5.7980831701820614e-06, 6.125090133698762e-06, 5.18812151560398e-06, 4.027699087002366e-06, 4.740974640290472e-06, 3.4962775287895597e-06, 3.58347984680508e-06, 3.7692305633696632e-06, 3.296151796632737e-06, 2.607202825902883e-06, 2.412928949929264e-06, 1.9965240749561856e-06, 2.7550260346425305e-05, 1.3332364622351252e-05, 7.945135571277768e-06, 8.565294707843641e-06, 5.7980831701820614e-06, 6.125090133698762e-06, 5.18812151560398e-06, 4.027699087002366e-06, 4.740974640290472e-06, 3.4962775287895597e-06, 3.58347984680508e-06, 3.7692305633696632e-06, 3.296151796632737e-06, 2.607202825902883e-06, 2.412928949929264e-06, 1.9965240749561856e-06, 7.075804237293259e-07, 2.7550260346425305e-05, 1.3332364622351252e-05, 7.945135571277768e-06, 8.565294707843641e-06, 5.7980831701820614e-06, 6.125090133698762e-06, 5.18812151560398e-06, 4.027699087002366e-06, 4.740974640290472e-06, 3.4962775287895597e-06, 3.58347984680508e-06, 3.7692305633696632e-06, 3.296151796632737e-06, 2.607202825902883e-06, 2.412928949929264e-06, 1.9965240749561856e-06, 7.075804237293259e-07, 1.8728525770043213e-06, 2.7550260346425305e-05, 1.3332364622351252e-05, 7.945135571277768e-06, 8.565294707843641e-06, 5.7980831701820614e-06, 6.125090133698762e-06, 5.18812151560398e-06, 4.027699087002366e-06, 4.740974640290472e-06, 3.4962775287895597e-06, 3.58347984680508e-06, 3.7692305633696632e-06, 3.296151796632737e-06, 2.607202825902883e-06, 2.412928949929264e-06, 1.9965240749561856e-06, 7.075804237293259e-07, 1.8728525770043213e-06, 1.3498637172531205e-06, 2.7550260346425305e-05, 1.3332364622351252e-05, 7.945135571277768e-06, 8.565294707843641e-06, 5.7980831701820614e-06, 6.125090133698762e-06, 5.18812151560398e-06, 4.027699087002366e-06, 4.740974640290472e-06, 3.4962775287895597e-06, 3.58347984680508e-06, 3.7692305633696632e-06, 3.296151796632737e-06, 2.607202825902883e-06, 2.412928949929264e-06, 1.9965240749561856e-06, 7.075804237293259e-07, 1.8728525770043213e-06, 1.3498637172531205e-06, 2.7550260346425305e-05, 1.3332364622351252e-05, 7.945135571277768e-06, 8.565294707843641e-06, 5.7980831701820614e-06, 6.125090133698762e-06, 5.18812151560398e-06, 4.027699087002366e-06, 4.740974640290472e-06, 3.4962775287895597e-06, 3.58347984680508e-06, 3.7692305633696632e-06, 3.296151796632737e-06, 2.607202825902883e-06, 2.412928949929264e-06, 1.9965240749561856e-06, 7.075804237293259e-07, 1.8728525770043213e-06, 1.3498637172531205e-06, 2.113133632273e-06, 2.7550260346425305e-05, 1.3332364622351252e-05, 7.945135571277768e-06, 8.565294707843641e-06, 5.7980831701820614e-06, 6.125090133698762e-06, 5.18812151560398e-06, 4.027699087002366e-06, 4.740974640290472e-06, 3.4962775287895597e-06, 3.58347984680508e-06, 3.7692305633696632e-06, 3.296151796632737e-06, 2.607202825902883e-06, 2.412928949929264e-06, 1.9965240749561856e-06, 7.075804237293259e-07, 1.8728525770043213e-06, 1.3498637172531205e-06, 2.113133632273e-06, 1.6833508606841969e-06, 2.7550260346425305e-05, 1.3332364622351252e-05, 7.945135571277768e-06, 8.565294707843641e-06, 5.7980831701820614e-06, 6.125090133698762e-06, 5.18812151560398e-06, 4.027699087002366e-06, 4.740974640290472e-06, 3.4962775287895597e-06, 3.58347984680508e-06, 3.7692305633696632e-06, 3.296151796632737e-06, 2.607202825902883e-06, 2.412928949929264e-06, 1.9965240749561856e-06, 7.075804237293259e-07, 1.8728525770043213e-06, 1.3498637172531205e-06, 2.113133632273e-06, 1.6833508606841969e-06, 1.7965248072465308e-06, 2.7550260346425305e-05, 1.3332364622351252e-05, 7.945135571277768e-06, 8.565294707843641e-06, 5.7980831701820614e-06, 6.125090133698762e-06, 5.18812151560398e-06, 4.027699087002366e-06, 4.740974640290472e-06, 3.4962775287895597e-06, 3.58347984680508e-06, 3.7692305633696632e-06, 3.296151796632737e-06, 2.607202825902883e-06, 2.412928949929264e-06, 1.9965240749561856e-06, 7.075804237293259e-07, 1.8728525770043213e-06, 1.3498637172531205e-06, 2.113133632273e-06, 1.6833508606841969e-06, 1.7965248072465308e-06, 9.837968407469704e-07, 2.7550260346425305e-05, 1.3332364622351252e-05, 7.945135571277768e-06, 8.565294707843641e-06, 5.7980831701820614e-06, 6.125090133698762e-06, 5.18812151560398e-06, 4.027699087002366e-06, 4.740974640290472e-06, 3.4962775287895597e-06, 3.58347984680508e-06, 3.7692305633696632e-06, 3.296151796632737e-06, 2.607202825902883e-06, 2.412928949929264e-06, 1.9965240749561856e-06, 7.075804237293259e-07, 1.8728525770043213e-06, 1.3498637172531205e-06, 2.113133632273e-06, 1.6833508606841969e-06, 1.7965248072465308e-06, 9.837968407469704e-07, 1.4313471936965458e-06, 2.7550260346425305e-05, 1.3332364622351252e-05, 7.945135571277768e-06, 8.565294707843641e-06, 5.7980831701820614e-06, 6.125090133698762e-06, 5.18812151560398e-06, 4.027699087002366e-06, 4.740974640290472e-06, 3.4962775287895597e-06, 3.58347984680508e-06, 3.7692305633696632e-06, 3.296151796632737e-06, 2.607202825902883e-06, 2.412928949929264e-06, 1.9965240749561856e-06, 7.075804237293259e-07, 1.8728525770043213e-06, 1.3498637172531205e-06, 2.113133632273e-06, 1.6833508606841969e-06, 1.7965248072465308e-06, 9.837968407469704e-07, 1.4313471936965458e-06, 2.7550260346425305e-05, 1.3332364622351252e-05, 7.945135571277768e-06, 8.565294707843641e-06, 5.7980831701820614e-06, 6.125090133698762e-06, 5.18812151560398e-06, 4.027699087002366e-06, 4.740974640290472e-06, 3.4962775287895597e-06, 3.58347984680508e-06, 3.7692305633696632e-06, 3.296151796632737e-06, 2.607202825902883e-06, 2.412928949929264e-06, 1.9965240749561856e-06, 7.075804237293259e-07, 1.8728525770043213e-06, 1.3498637172531205e-06, 2.113133632273e-06, 